 $SEQPAR
 HZPPPM =  63.8470001
 $END
 $NMID
 BRUKER = F,
 FMTDAT = '(2e15.6)',
 ID = 'FILCOR',
 SEQACQ = F,
 TRAMP =  1.,
 VOLUME =  1.
 $END
   0.137520E+08   0.225198E+07
   0.133298E+08   0.288653E+07
   0.130282E+08   0.335599E+07
   0.122561E+08   0.372406E+07
   0.115529E+08   0.372336E+07
   0.108805E+08   0.371403E+07
   0.102504E+08   0.345763E+07
   0.987396E+07   0.301762E+07
   0.965648E+07   0.271502E+07
   0.947106E+07   0.241172E+07
   0.957149E+07   0.198257E+07
   0.962798E+07   0.175039E+07
   0.965322E+07   0.155694E+07
   0.954480E+07   0.151231E+07
   0.950183E+07   0.129420E+07
   0.935085E+07   0.103577E+07
   0.920107E+07   0.105631E+07
   0.924580E+07   0.845548E+06
   0.909778E+07   0.590770E+06
   0.922862E+07   0.383534E+06
   0.917158E+07   0.306147E+06
   0.922071E+07  -0.582512E+05
   0.933515E+07  -0.160179E+06
   0.935153E+07  -0.375804E+06
   0.959269E+07  -0.501430E+06
   0.963699E+07  -0.555371E+06
   0.970428E+07  -0.607111E+06
   0.974948E+07  -0.701674E+06
   0.990338E+07  -0.750990E+06
   0.998652E+07  -0.673369E+06
   0.101581E+08  -0.644512E+06
   0.101042E+08  -0.488275E+06
   0.101236E+08  -0.458780E+06
   0.998922E+07  -0.253237E+06
   0.973389E+07  -0.253350E+06
   0.958214E+07  -0.313840E+06
   0.937366E+07  -0.346758E+06
   0.929621E+07  -0.518062E+06
   0.916735E+07  -0.453645E+06
   0.910523E+07  -0.701314E+06
   0.901070E+07  -0.823506E+06
   0.911722E+07  -0.869093E+06
   0.927964E+07  -0.992718E+06
   0.931021E+07  -0.914118E+06
   0.931042E+07  -0.102559E+07
   0.917966E+07  -0.912347E+06
   0.918005E+07  -0.874582E+06
   0.907385E+07  -0.823798E+06
   0.897810E+07  -0.957711E+06
   0.895065E+07  -0.949328E+06
   0.872071E+07  -0.100744E+07
   0.866594E+07  -0.129316E+07
   0.876180E+07  -0.118001E+07
   0.857241E+07  -0.127331E+07
   0.849584E+07  -0.123604E+07
   0.836588E+07  -0.139504E+07
   0.840300E+07  -0.150766E+07
   0.847688E+07  -0.161492E+07
   0.838839E+07  -0.170005E+07
   0.820784E+07  -0.178767E+07
   0.824012E+07  -0.184347E+07
   0.835839E+07  -0.179716E+07
   0.815395E+07  -0.178105E+07
   0.805589E+07  -0.193198E+07
   0.799438E+07  -0.208616E+07
   0.776717E+07  -0.212053E+07
   0.783802E+07  -0.207941E+07
   0.787933E+07  -0.227503E+07
   0.773792E+07  -0.237042E+07
   0.804195E+07  -0.238529E+07
   0.797507E+07  -0.244841E+07
   0.805383E+07  -0.231409E+07
   0.809656E+07  -0.229156E+07
   0.798359E+07  -0.222803E+07
   0.801272E+07  -0.220467E+07
   0.773151E+07  -0.193746E+07
   0.769964E+07  -0.209366E+07
   0.750474E+07  -0.199373E+07
   0.731425E+07  -0.196660E+07
   0.731379E+07  -0.217444E+07
   0.708996E+07  -0.208258E+07
   0.683356E+07  -0.221643E+07
   0.700508E+07  -0.215591E+07
   0.675459E+07  -0.239961E+07
   0.674854E+07  -0.250286E+07
   0.668788E+07  -0.252160E+07
   0.673134E+07  -0.266819E+07
   0.672499E+07  -0.269286E+07
   0.646693E+07  -0.276148E+07
   0.648746E+07  -0.280873E+07
   0.655282E+07  -0.287944E+07
   0.644679E+07  -0.278208E+07
   0.651880E+07  -0.281482E+07
   0.645664E+07  -0.288256E+07
   0.643547E+07  -0.297315E+07
   0.635813E+07  -0.297510E+07
   0.632174E+07  -0.317661E+07
   0.625841E+07  -0.309980E+07
   0.628343E+07  -0.312915E+07
   0.617951E+07  -0.316448E+07
   0.613348E+07  -0.329297E+07
   0.622311E+07  -0.310810E+07
   0.607403E+07  -0.322411E+07
   0.620341E+07  -0.334570E+07
   0.620429E+07  -0.331668E+07
   0.608358E+07  -0.324282E+07
   0.614848E+07  -0.304185E+07
   0.603278E+07  -0.312681E+07
   0.593145E+07  -0.300522E+07
   0.583339E+07  -0.317556E+07
   0.583699E+07  -0.329045E+07
   0.577666E+07  -0.322014E+07
   0.573652E+07  -0.324698E+07
   0.558087E+07  -0.334002E+07
   0.561358E+07  -0.322841E+07
   0.547152E+07  -0.334390E+07
   0.550049E+07  -0.330217E+07
   0.545875E+07  -0.326712E+07
   0.537528E+07  -0.314620E+07
   0.536787E+07  -0.328542E+07
   0.511330E+07  -0.317030E+07
   0.519084E+07  -0.316693E+07
   0.495517E+07  -0.320088E+07
   0.483193E+07  -0.319368E+07
   0.489813E+07  -0.317523E+07
   0.469636E+07  -0.326592E+07
   0.458313E+07  -0.328989E+07
   0.453334E+07  -0.339289E+07
   0.451862E+07  -0.356397E+07
   0.452741E+07  -0.355070E+07
   0.441282E+07  -0.364420E+07
   0.452717E+07  -0.362889E+07
   0.430198E+07  -0.367617E+07
   0.453407E+07  -0.378029E+07
   0.461314E+07  -0.365378E+07
   0.447440E+07  -0.360788E+07
   0.456837E+07  -0.361881E+07
   0.438957E+07  -0.370191E+07
   0.441015E+07  -0.364943E+07
   0.435956E+07  -0.343620E+07
   0.428710E+07  -0.355595E+07
   0.423872E+07  -0.351034E+07
   0.415784E+07  -0.351524E+07
   0.417869E+07  -0.353022E+07
   0.410920E+07  -0.359755E+07
   0.415539E+07  -0.362408E+07
   0.404260E+07  -0.351614E+07
   0.399898E+07  -0.351336E+07
   0.389220E+07  -0.355154E+07
   0.386021E+07  -0.339124E+07
   0.374025E+07  -0.343239E+07
   0.375854E+07  -0.340301E+07
   0.367703E+07  -0.352910E+07
   0.356797E+07  -0.348228E+07
   0.344247E+07  -0.349620E+07
   0.325261E+07  -0.341506E+07
   0.321540E+07  -0.346953E+07
   0.318365E+07  -0.351972E+07
   0.317425E+07  -0.349565E+07
   0.326997E+07  -0.377284E+07
   0.330486E+07  -0.373179E+07
   0.315751E+07  -0.374664E+07
   0.321486E+07  -0.375464E+07
   0.332209E+07  -0.369022E+07
   0.314216E+07  -0.353990E+07
   0.311356E+07  -0.361888E+07
   0.308416E+07  -0.354165E+07
   0.307294E+07  -0.343766E+07
   0.299142E+07  -0.356902E+07
   0.289708E+07  -0.333862E+07
   0.283606E+07  -0.340008E+07
   0.285422E+07  -0.334138E+07
   0.275725E+07  -0.342474E+07
   0.263205E+07  -0.339732E+07
   0.279506E+07  -0.341362E+07
   0.269395E+07  -0.345546E+07
   0.254467E+07  -0.333302E+07
   0.269333E+07  -0.340611E+07
   0.260326E+07  -0.346226E+07
   0.250173E+07  -0.336819E+07
   0.241641E+07  -0.347835E+07
   0.248388E+07  -0.348180E+07
   0.245601E+07  -0.332808E+07
   0.251002E+07  -0.339232E+07
   0.240337E+07  -0.342990E+07
   0.241913E+07  -0.343722E+07
   0.224066E+07  -0.347482E+07
   0.228020E+07  -0.348885E+07
   0.240831E+07  -0.345848E+07
   0.240248E+07  -0.354242E+07
   0.226723E+07  -0.345382E+07
   0.226588E+07  -0.335296E+07
   0.236674E+07  -0.321620E+07
   0.224746E+07  -0.316109E+07
   0.209481E+07  -0.314150E+07
   0.204624E+07  -0.315729E+07
   0.205655E+07  -0.319001E+07
   0.190332E+07  -0.317360E+07
   0.176562E+07  -0.322464E+07
   0.177348E+07  -0.326548E+07
   0.165058E+07  -0.319596E+07
   0.159361E+07  -0.321171E+07
   0.157221E+07  -0.322786E+07
   0.143556E+07  -0.332782E+07
   0.153724E+07  -0.337237E+07
   0.156564E+07  -0.345008E+07
   0.152862E+07  -0.339758E+07
   0.146915E+07  -0.342692E+07
   0.158413E+07  -0.330317E+07
   0.166085E+07  -0.330981E+07
   0.173750E+07  -0.327965E+07
   0.176767E+07  -0.322342E+07
   0.164972E+07  -0.315106E+07
   0.157358E+07  -0.317467E+07
   0.166345E+07  -0.303090E+07
   0.162623E+07  -0.293016E+07
   0.158902E+07  -0.291553E+07
   0.166214E+07  -0.288737E+07
   0.151250E+07  -0.291219E+07
   0.144848E+07  -0.276621E+07
   0.134763E+07  -0.269281E+07
   0.134249E+07  -0.267423E+07
   0.123867E+07  -0.259611E+07
   0.117699E+07  -0.279020E+07
   0.102715E+07  -0.282358E+07
   0.107313E+07  -0.274784E+07
   0.989965E+06  -0.285857E+07
   0.925840E+06  -0.272939E+07
   0.798586E+06  -0.279263E+07
   0.826280E+06  -0.284884E+07
   0.789246E+06  -0.300913E+07
   0.713451E+06  -0.311304E+07
   0.623705E+06  -0.305490E+07
   0.755157E+06  -0.299446E+07
   0.847994E+06  -0.311118E+07
   0.871680E+06  -0.301058E+07
   0.868216E+06  -0.310085E+07
   0.812315E+06  -0.305030E+07
   0.873521E+06  -0.299275E+07
   0.765647E+06  -0.287474E+07
   0.809361E+06  -0.288411E+07
   0.940491E+06  -0.277115E+07
   0.821497E+06  -0.277862E+07
   0.755402E+06  -0.277174E+07
   0.830530E+06  -0.265848E+07
   0.730735E+06  -0.259124E+07
   0.614032E+06  -0.246296E+07
   0.717290E+06  -0.249540E+07
   0.699801E+06  -0.249236E+07
   0.625668E+06  -0.239665E+07
   0.545727E+06  -0.237782E+07
   0.569754E+06  -0.235327E+07
   0.584980E+06  -0.235388E+07
   0.467949E+06  -0.231760E+07
   0.398617E+06  -0.231323E+07
   0.386503E+06  -0.228500E+07
   0.381742E+06  -0.226516E+07
   0.419386E+06  -0.227132E+07
   0.368620E+06  -0.242152E+07
   0.305476E+06  -0.236453E+07
   0.334489E+06  -0.241818E+07
   0.317251E+06  -0.248621E+07
   0.207090E+06  -0.253528E+07
   0.379619E+06  -0.245189E+07
   0.444489E+06  -0.249661E+07
   0.375987E+06  -0.249184E+07
   0.269656E+06  -0.244391E+07
   0.391794E+06  -0.235637E+07
   0.476906E+06  -0.238860E+07
   0.437934E+06  -0.226506E+07
   0.380820E+06  -0.232463E+07
   0.303088E+06  -0.238046E+07
   0.317659E+06  -0.218824E+07
   0.307030E+06  -0.221052E+07
   0.273047E+06  -0.221401E+07
   0.238469E+06  -0.211387E+07
   0.172648E+06  -0.214498E+07
   0.330946E+05  -0.215332E+07
   0.316669E+06  -0.210962E+07
   0.168998E+06  -0.225955E+07
   0.179713E+06  -0.211760E+07
   0.165738E+06  -0.202113E+07
   0.150193E+06  -0.202465E+07
   0.184356E+06  -0.214946E+07
   0.119584E+06  -0.199363E+07
   0.126867E+06  -0.199191E+07
   0.139662E+04  -0.218622E+07
   0.192312E+05  -0.197169E+07
   0.541444E+05  -0.185207E+07
  -0.334923E+05  -0.196388E+07
  -0.119365E+06  -0.198742E+07
  -0.305663E+05  -0.194378E+07
  -0.857286E+05  -0.188286E+07
  -0.109603E+06  -0.176794E+07
  -0.205850E+06  -0.186657E+07
  -0.145779E+06  -0.182241E+07
  -0.176313E+06  -0.179283E+07
  -0.205475E+06  -0.193228E+07
  -0.112230E+06  -0.179562E+07
  -0.167558E+06  -0.180236E+07
  -0.120225E+06  -0.186350E+07
  -0.569866E+05  -0.180681E+07
  -0.173145E+06  -0.189970E+07
  -0.124490E+06  -0.173707E+07
  -0.304085E+06  -0.179332E+07
  -0.186338E+06  -0.182391E+07
  -0.202282E+06  -0.182644E+07
  -0.208652E+06  -0.185630E+07
  -0.149531E+06  -0.188483E+07
  -0.142427E+06  -0.176643E+07
  -0.140775E+06  -0.177453E+07
  -0.500176E+05  -0.179497E+07
  -0.781883E+05  -0.171020E+07
  -0.178771E+06  -0.168759E+07
  -0.154916E+06  -0.167400E+07
  -0.162352E+06  -0.159788E+07
  -0.209506E+06  -0.172596E+07
  -0.356279E+06  -0.163225E+07
  -0.178651E+06  -0.165570E+07
  -0.210708E+06  -0.154940E+07
  -0.160143E+06  -0.161270E+07
  -0.323869E+06  -0.147331E+07
  -0.241329E+06  -0.147969E+07
  -0.236088E+06  -0.150434E+07
  -0.268432E+06  -0.129767E+07
  -0.313037E+06  -0.140118E+07
  -0.288187E+06  -0.153962E+07
  -0.190194E+06  -0.147245E+07
  -0.247601E+06  -0.137583E+07
  -0.361602E+06  -0.132979E+07
  -0.299243E+06  -0.133718E+07
  -0.221661E+06  -0.136332E+07
  -0.289127E+06  -0.136159E+07
  -0.370691E+06  -0.141682E+07
  -0.375545E+06  -0.137704E+07
  -0.324754E+06  -0.138778E+07
  -0.253190E+06  -0.137558E+07
  -0.284694E+06  -0.121754E+07
  -0.444749E+06  -0.136272E+07
  -0.478577E+06  -0.124257E+07
  -0.491154E+06  -0.122017E+07
  -0.343652E+06  -0.129485E+07
  -0.339737E+06  -0.122021E+07
  -0.527645E+06  -0.131073E+07
  -0.631451E+06  -0.128814E+07
  -0.468613E+06  -0.120100E+07
  -0.524277E+06  -0.127276E+07
  -0.398448E+06  -0.134121E+07
  -0.292045E+06  -0.125975E+07
  -0.434455E+06  -0.136463E+07
  -0.393520E+06  -0.127561E+07
  -0.361546E+06  -0.124318E+07
  -0.415186E+06  -0.126933E+07
  -0.304889E+06  -0.114522E+07
  -0.243745E+06  -0.122236E+07
  -0.391089E+06  -0.129460E+07
  -0.415374E+06  -0.119317E+07
  -0.372412E+06  -0.107424E+07
  -0.321351E+06  -0.116679E+07
  -0.417652E+06  -0.105588E+07
  -0.440121E+06  -0.102740E+07
  -0.429904E+06  -0.107003E+07
  -0.408001E+06  -0.102017E+07
  -0.471516E+06  -0.101866E+07
  -0.554600E+06  -0.884604E+06
  -0.477118E+06  -0.961273E+06
  -0.532293E+06  -0.966692E+06
  -0.612868E+06  -0.953428E+06
  -0.520830E+06  -0.105587E+07
  -0.550498E+06  -0.973589E+06
  -0.625667E+06  -0.947962E+06
  -0.435907E+06  -0.926570E+06
  -0.570568E+06  -0.898329E+06
  -0.658705E+06  -0.899160E+06
  -0.540052E+06  -0.928601E+06
  -0.551454E+06  -0.109628E+07
  -0.472618E+06  -0.916944E+06
  -0.415142E+06  -0.103501E+07
  -0.505217E+06  -0.112646E+07
  -0.546627E+06  -0.117892E+07
  -0.533827E+06  -0.993802E+06
  -0.315832E+06  -0.922672E+06
  -0.355098E+06  -0.880951E+06
  -0.390395E+06  -0.957913E+06
  -0.367616E+06  -0.942670E+06
  -0.421253E+06  -0.930471E+06
  -0.405480E+06  -0.907235E+06
  -0.423780E+06  -0.808941E+06
  -0.377006E+06  -0.618180E+06
  -0.411064E+06  -0.685260E+06
  -0.353789E+06  -0.759112E+06
  -0.421533E+06  -0.756608E+06
  -0.564812E+06  -0.696174E+06
  -0.548274E+06  -0.618532E+06
  -0.451682E+06  -0.747096E+06
  -0.511845E+06  -0.804005E+06
  -0.467217E+06  -0.788330E+06
  -0.540561E+06  -0.653823E+06
  -0.452747E+06  -0.736740E+06
  -0.559002E+06  -0.722411E+06
  -0.581567E+06  -0.748233E+06
  -0.486025E+06  -0.630409E+06
  -0.536396E+06  -0.860809E+06
  -0.553401E+06  -0.738190E+06
  -0.483419E+06  -0.611582E+06
  -0.572450E+06  -0.704904E+06
  -0.450111E+06  -0.622975E+06
  -0.518472E+06  -0.675155E+06
  -0.378694E+06  -0.708464E+06
  -0.438905E+06  -0.669099E+06
  -0.540937E+06  -0.639806E+06
  -0.466304E+06  -0.538369E+06
  -0.510372E+06  -0.637908E+06
  -0.428325E+06  -0.598300E+06
  -0.428472E+06  -0.718678E+06
  -0.386643E+06  -0.576106E+06
  -0.471752E+06  -0.519200E+06
  -0.490398E+06  -0.549154E+06
  -0.489340E+06  -0.579910E+06
  -0.448531E+06  -0.722205E+06
  -0.544390E+06  -0.600688E+06
  -0.676275E+06  -0.537799E+06
  -0.571410E+06  -0.499253E+06
  -0.571630E+06  -0.500085E+06
  -0.618452E+06  -0.607366E+06
  -0.515682E+06  -0.540182E+06
  -0.479869E+06  -0.632173E+06
  -0.465462E+06  -0.625190E+06
  -0.371010E+06  -0.595495E+06
  -0.426777E+06  -0.567766E+06
  -0.448743E+06  -0.675268E+06
  -0.507031E+06  -0.490333E+06
  -0.535294E+06  -0.463728E+06
  -0.448083E+06  -0.509028E+06
  -0.494906E+06  -0.462048E+06
  -0.397787E+06  -0.488335E+06
  -0.360475E+06  -0.492597E+06
  -0.541352E+06  -0.450448E+06
  -0.467727E+06  -0.517724E+06
  -0.529566E+06  -0.342261E+06
  -0.498215E+06  -0.337318E+06
  -0.562397E+06  -0.389881E+06
  -0.550023E+06  -0.452397E+06
  -0.519927E+06  -0.390022E+06
  -0.447491E+06  -0.218810E+06
  -0.529024E+06  -0.366161E+06
  -0.537425E+06  -0.354194E+06
  -0.414218E+06  -0.383215E+06
  -0.529335E+06  -0.426261E+06
  -0.539742E+06  -0.314196E+06
  -0.575556E+06  -0.423901E+06
  -0.461035E+06  -0.428084E+06
  -0.500570E+06  -0.487595E+06
  -0.484629E+06  -0.503042E+06
  -0.520786E+06  -0.379556E+06
  -0.457744E+06  -0.348774E+06
  -0.278859E+06  -0.354140E+06
  -0.418475E+06  -0.354518E+06
  -0.388313E+06  -0.426725E+06
  -0.306894E+06  -0.345503E+06
  -0.395050E+06  -0.225932E+06
  -0.474891E+06  -0.506629E+06
  -0.435308E+06  -0.310754E+06
  -0.419676E+06  -0.223564E+06
  -0.367672E+06  -0.321832E+06
  -0.388590E+06  -0.400442E+06
  -0.426696E+06  -0.323542E+06
  -0.348182E+06  -0.249786E+06
  -0.429597E+06  -0.313560E+06
  -0.543692E+06  -0.288694E+06
  -0.493450E+06  -0.309867E+06
  -0.493687E+06  -0.307651E+06
  -0.564070E+06  -0.369409E+06
  -0.501456E+06  -0.299415E+06
  -0.446609E+06  -0.349296E+06
  -0.484455E+06  -0.309267E+06
  -0.552122E+06  -0.285120E+06
  -0.454331E+06  -0.419686E+06
  -0.349945E+06  -0.331535E+06
  -0.410255E+06  -0.246596E+06
  -0.464166E+06  -0.423811E+06
  -0.519112E+06  -0.328227E+06
  -0.407984E+06  -0.276674E+06
  -0.420184E+06  -0.348780E+06
  -0.332964E+06  -0.237247E+06
  -0.361565E+06  -0.280195E+06
  -0.417430E+06  -0.225196E+06
  -0.366156E+06  -0.229790E+06
  -0.294155E+06  -0.260926E+06
  -0.450759E+06  -0.185834E+06
  -0.527215E+06  -0.221384E+06
  -0.319913E+06  -0.205223E+06
  -0.374993E+06  -0.147220E+06
  -0.462720E+06  -0.129074E+06
  -0.268521E+06  -0.237824E+06
  -0.481045E+06  -0.281657E+06
  -0.289764E+06  -0.207939E+06
  -0.392869E+06  -0.243429E+06
  -0.402565E+06  -0.141041E+06
  -0.271749E+06  -0.264804E+06
  -0.377493E+06  -0.244740E+06
  -0.469531E+06  -0.106816E+06
  -0.379658E+06  -0.226353E+06
  -0.435094E+06  -0.239624E+06
  -0.345501E+06  -0.171484E+06
  -0.415302E+06  -0.190592E+06
  -0.408117E+06  -0.182724E+06
  -0.356925E+06  -0.280910E+06
  -0.416169E+06  -0.115847E+06
  -0.388448E+06  -0.130007E+06
  -0.282056E+06  -0.106672E+06
  -0.328503E+06  -0.127169E+06
  -0.391577E+06  -0.182692E+06
  -0.375716E+06  -0.177530E+06
  -0.330462E+06  -0.827322E+05
  -0.460054E+06  -0.115019E+06
  -0.514748E+06  -0.169890E+06
  -0.428735E+06  -0.216068E+06
  -0.461613E+06  -0.893898E+05
  -0.371986E+06  -0.374863E+05
  -0.386904E+06  -0.197839E+06
  -0.486873E+06  -0.698021E+05
  -0.332122E+06  -0.248440E+05
  -0.430350E+06  -0.933297E+05
  -0.461404E+06  -0.104252E+06
  -0.339151E+06  -0.203376E+06
  -0.289236E+06  -0.193689E+06
  -0.349523E+06  -0.160939E+06
  -0.336027E+06  -0.102155E+05
  -0.361563E+06  -0.162336E+06
  -0.345012E+06  -0.454557E+05
  -0.397309E+06  -0.916549E+05
  -0.343751E+06  -0.145809E+06
  -0.288395E+06  -0.718550E+05
  -0.296353E+06   0.618659E+05
  -0.252892E+06  -0.278866E+06
  -0.314056E+06  -0.687757E+05
  -0.265592E+06  -0.220298E+05
  -0.336157E+06  -0.362453E+05
  -0.390769E+06  -0.135189E+06
  -0.336788E+06  -0.245900E+06
  -0.349795E+06  -0.334163E+05
  -0.379069E+06  -0.948427E+05
  -0.348902E+06  -0.927097E+05
  -0.218496E+06  -0.109841E+06
  -0.328264E+06  -0.149213E+06
  -0.357803E+06  -0.131780E+06
  -0.193671E+06   0.788823E+05
  -0.283809E+06   0.133612E+05
  -0.384305E+06  -0.119195E+06
  -0.329568E+06  -0.576116E+05
  -0.356453E+06   0.794795E+04
  -0.429646E+06  -0.222464E+05
  -0.364241E+06  -0.273318E+04
  -0.315800E+06  -0.746422E+05
  -0.319442E+06   0.197358E+05
  -0.316053E+06  -0.432841E+05
  -0.219558E+06  -0.709551E+04
  -0.325345E+06  -0.702132E+05
  -0.315812E+06  -0.617414E+05
  -0.353563E+06  -0.360662E+05
  -0.320458E+06  -0.666390E+05
  -0.213224E+06   0.439874E+05
  -0.326496E+06  -0.380964E+05
  -0.251469E+06  -0.438318E+05
  -0.266840E+06  -0.139913E+05
  -0.230928E+06  -0.739862E+05
  -0.187556E+06  -0.948766E+05
  -0.253184E+06  -0.150279E+05
  -0.297263E+06   0.154426E+05
  -0.202847E+06  -0.108734E+06
  -0.274694E+06  -0.449190E+05
  -0.208970E+06  -0.845810E+05
  -0.202185E+06  -0.608567E+05
  -0.278883E+06  -0.394103E+05
  -0.292453E+06   0.221912E+05
  -0.298239E+06  -0.847638E+05
  -0.283313E+06  -0.584853E+05
  -0.242688E+06   0.937969E+05
  -0.290409E+06  -0.223733E+05
  -0.279612E+06  -0.428497E+05
  -0.259500E+06  -0.111898E+05
  -0.317734E+06  -0.332592E+05
  -0.297381E+06   0.805782E+05
  -0.244736E+06   0.106280E+06
  -0.225003E+06   0.152482E+06
  -0.192111E+06  -0.137197E+05
  -0.288841E+06   0.342728E+05
  -0.168189E+06   0.990622E+05
  -0.364917E+06   0.197302E+06
  -0.317973E+06  -0.385060E+04
  -0.228851E+06  -0.126539E+06
  -0.211813E+06  -0.133439E+06
  -0.216641E+06  -0.333328E+04
  -0.237853E+06  -0.457153E+05
  -0.252771E+06  -0.535999E+05
  -0.292122E+06  -0.213382E+05
  -0.225206E+06   0.575643E+05
  -0.161654E+06   0.125629E+04
  -0.237820E+06   0.236151E+04
  -0.254532E+06   0.777995E+05
  -0.153275E+06   0.111889E+06
  -0.160259E+06   0.913686E+05
  -0.144393E+06   0.687836E+05
  -0.270776E+06   0.949108E+05
  -0.149399E+06   0.310684E+05
  -0.233849E+06   0.133345E+05
  -0.184659E+06  -0.785272E+05
  -0.993761E+05   0.231685E+05
  -0.266931E+06   0.131261E+06
  -0.270812E+06   0.142269E+06
  -0.107088E+06   0.101371E+06
  -0.509618E+05  -0.392856E+04
  -0.154169E+06   0.507731E+05
  -0.181439E+06   0.575149E+05
  -0.213113E+06   0.102377E+06
  -0.256202E+06   0.340180E+05
  -0.287849E+06  -0.338380E+05
  -0.289693E+06   0.114743E+06
  -0.228365E+06   0.390267E+05
  -0.270805E+06  -0.118391E+06
  -0.148472E+06  -0.216091E+03
  -0.688190E+05   0.116706E+06
  -0.938671E+05   0.103734E+06
  -0.330614E+06  -0.661257E+05
  -0.231945E+06   0.343144E+05
  -0.217443E+06   0.115571E+06
  -0.194163E+06   0.176919E+06
  -0.177973E+06   0.194925E+06
  -0.119633E+06   0.418578E+05
  -0.107878E+06   0.107252E+06
  -0.171014E+06   0.990417E+05
  -0.271483E+06   0.160388E+06
  -0.132931E+06  -0.295690E+05
  -0.165773E+06  -0.129336E+06
  -0.198141E+06   0.133225E+06
  -0.896082E+05   0.137840E+06
  -0.192663E+06   0.260293E+05
  -0.218729E+06   0.100247E+06
  -0.930898E+05  -0.331290E+05
  -0.175766E+06  -0.625415E+05
  -0.218238E+06   0.281242E+05
  -0.934213E+05   0.837763E+05
  -0.248143E+06   0.450439E+05
  -0.204382E+06  -0.382559E+04
  -0.134697E+05   0.629001E+05
  -0.682744E+05  -0.192152E+05
  -0.120990E+06  -0.364204E+05
  -0.878605E+05  -0.849675E+05
  -0.112197E+06  -0.272429E+05
  -0.191781E+06   0.671992E+05
  -0.815178E+05   0.468382E+05
  -0.360500E+05  -0.113525E+05
  -0.178138E+06  -0.981881E+04
  -0.127649E+06   0.988114E+05
  -0.109165E+06   0.774310E+04
  -0.105781E+06   0.695186E+05
  -0.295016E+05   0.763522E+05
  -0.902746E+05   0.332061E+05
  -0.193184E+06   0.340693E+05
  -0.204563E+06   0.822019E+05
  -0.149893E+06   0.969263E+05
  -0.204710E+06   0.532114E+04
  -0.102457E+06   0.607567E+05
  -0.160294E+06   0.105076E+06
  -0.413255E+05   0.142845E+06
  -0.136981E+06   0.713916E+04
  -0.113143E+06  -0.217439E+05
  -0.116247E+06   0.362971E+05
  -0.215363E+06   0.101252E+06
  -0.219333E+06   0.106556E+06
  -0.106143E+06   0.216864E+06
  -0.486802E+05  -0.385630E+05
  -0.130478E+06   0.305610E+05
  -0.151033E+06  -0.178245E+05
  -0.173625E+06   0.823065E+05
  -0.825908E+05   0.674304E+05
  -0.824614E+05   0.300053E+05
  -0.849367E+05   0.171057E+06
  -0.586123E+05   0.743037E+05
  -0.244777E+05   0.488710E+05
  -0.824262E+05   0.791902E+05
   0.342965E+05  -0.177246E+04
   0.413934E+05   0.192533E+05
   0.822627E+05   0.193644E+06
  -0.630101E+05   0.668084E+05
  -0.195035E+06   0.144719E+06
  -0.113725E+06  -0.934031E+05
  -0.334333E+04   0.232693E+04
  -0.212828E+06   0.105749E+06
  -0.173747E+06   0.826337E+05
  -0.873070E+05  -0.281715E+05
  -0.909351E+05   0.653044E+05
  -0.477821E+05  -0.860128E+05
  -0.552865E+05   0.979357E+04
  -0.212196E+06   0.286192E+05
  -0.785402E+05   0.140036E+06
  -0.626804E+05   0.113048E+06
  -0.459807E+05   0.183010E+06
  -0.169514E+06  -0.699687E+05
  -0.840998E+05   0.631380E+05
  -0.801193E+05   0.717935E+04
  -0.443921E+05   0.413123E+05
  -0.644737E+05   0.316484E+05
  -0.169511E+06   0.533695E+05
  -0.128135E+06   0.171277E+06
  -0.107623E+06   0.950249E+05
  -0.133999E+06   0.116036E+06
   0.400144E+03   0.612052E+05
  -0.171181E+06   0.122813E+06
  -0.885747E+05  -0.347659E+05
  -0.222293E+06   0.150342E+04
  -0.826492E+05   0.798990E+05
   0.105850E+06   0.918535E+05
  -0.155299E+06   0.129052E+06
  -0.939255E+05   0.536914E+05
  -0.141155E+06  -0.580184E+05
  -0.157399E+06   0.348498E+04
  -0.566540E+04  -0.236256E+04
  -0.107465E+06   0.912258E+05
  -0.348425E+05   0.483938E+05
  -0.396203E+04   0.463024E+05
  -0.301314E+05   0.689542E+05
  -0.919199E+05   0.245376E+05
   0.116570E+06   0.386925E+05
   0.233732E+05   0.594260E+05
  -0.111940E+06   0.164431E+06
   0.748437E+05   0.684398E+05
  -0.353319E+05  -0.123784E+05
  -0.672810E+04   0.121943E+06
   0.971136E+05   0.147457E+06
  -0.600859E+05  -0.619632E+05
  -0.891112E+05   0.455040E+05
   0.127348E+04   0.773168E+05
  -0.733975E+05   0.642900E+05
  -0.440798E+05   0.733343E+05
  -0.110488E+06  -0.300491E+05
  -0.409268E+05  -0.333742E+04
  -0.100865E+06   0.251899E+05
  -0.239856E+05   0.613157E+05
  -0.478080E+03  -0.425149E+05
  -0.443859E+05   0.153636E+06
  -0.566732E+05  -0.435405E+05
   0.331818E+05   0.414194E+05
  -0.935169E+05   0.925196E+05
  -0.834548E+05   0.139840E+06
   0.599335E+05  -0.175433E+05
  -0.492064E+05   0.804496E+05
  -0.829225E+05   0.167063E+06
  -0.375650E+05   0.135052E+06
  -0.873668E+05   0.758311E+05
  -0.201059E+05   0.716103E+05
   0.853980E+05   0.166388E+05
   0.258504E+05   0.132417E+06
  -0.918978E+05   0.100798E+06
   0.223590E+05  -0.459876E+05
  -0.126095E+05   0.371025E+05
  -0.844520E+05   0.162859E+06
  -0.709759E+05   0.789454E+05
  -0.384282E+05   0.103641E+06
  -0.484769E+05   0.824398E+05
   0.945538E+05   0.130708E+06
  -0.834805E+05   0.862930E+05
   0.946930E+04   0.161260E+05
  -0.261882E+05   0.120274E+06
  -0.103084E+06   0.142275E+05
   0.850138E+05   0.728233E+05
   0.258114E+05   0.129997E+06
   0.331857E+04   0.261529E+05
  -0.813442E+05   0.527052E+05
  -0.408251E+05  -0.693829E+05
   0.992668E+05   0.394618E+05
  -0.105941E+06   0.450475E+05
  -0.709689E+05   0.876625E+05
  -0.847692E+04   0.251196E+05
  -0.135779E+06   0.791393E+05
  -0.206561E+05   0.223672E+05
   0.116730E+06   0.603605E+05
   0.112690E+06   0.121111E+06
   0.338332E+05   0.755807E+05
   0.133897E+05  -0.908474E+04
  -0.586441E+05   0.137058E+06
  -0.111231E+06   0.470117E+05
   0.233511E+04   0.315440E+05
  -0.181164E+05   0.809096E+05
  -0.744111E+05   0.881550E+05
   0.140692E+05   0.104736E+06
  -0.400371E+05   0.218557E+06
  -0.132276E+06  -0.305942E+05
   0.869924E+05   0.351911E+05
  -0.136950E+04   0.187814E+06
   0.254301E+05   0.224321E+06
   0.273854E+05   0.488573E+05
  -0.118820E+06   0.841302E+05
  -0.148094E+05   0.154922E+06
  -0.900914E+05   0.350203E+05
  -0.695293E+05   0.823038E+05
   0.379896E+05   0.167113E+06
  -0.252644E+05  -0.187319E+05
  -0.109305E+06  -0.501775E+05
  -0.468413E+04  -0.169913E+05
  -0.268894E+05   0.119561E+06
   0.801710E+05   0.142950E+06
  -0.325188E+05   0.109341E+06
  -0.561001E+05   0.116990E+06
   0.940424E+05   0.456449E+05
   0.820351E+05   0.130978E+05
   0.512378E+05   0.805692E+05
   0.197107E+05   0.996878E+05
   0.891232E+05   0.561604E+05
  -0.227036E+05   0.120631E+05
  -0.266374E+05  -0.380531E+05
   0.749304E+05   0.985858E+05
   0.344715E+05   0.105968E+06
  -0.676413E+04   0.141625E+06
  -0.134528E+05   0.281898E+05
  -0.403058E+04   0.102306E+06
   0.175919E+04   0.782068E+05
  -0.771786E+05   0.910564E+05
  -0.697412E+05   0.538754E+05
  -0.500484E+05   0.128428E+06
   0.478665E+05   0.151631E+05
  -0.461725E+03   0.138169E+06
  -0.802011E+05   0.272436E+05
   0.200378E+05   0.119050E+06
  -0.979054E+05  -0.756307E+04
  -0.319210E+05   0.195355E+05
   0.263291E+05   0.389885E+05
   0.427053E+05   0.967771E+05
   0.412061E+05  -0.372991E+05
  -0.247027E+05   0.186868E+05
   0.587277E+05   0.141739E+06
  -0.228401E+05   0.420888E+05
  -0.173877E+06   0.461167E+04
  -0.122890E+06   0.910612E+05
  -0.408606E+05  -0.533089E+05
  -0.125664E+04   0.435457E+05
  -0.885558E+05   0.855453E+05
  -0.116151E+06  -0.271600E+05
   0.398536E+04   0.180581E+05
  -0.132720E+05  -0.221785E+05
   0.338707E+05   0.113643E+06
  -0.195810E+05   0.745956E+05
   0.320447E+05  -0.689181E+05
  -0.816040E+05   0.265925E+05
  -0.662956E+05  -0.167848E+05
  -0.907192E+05   0.996322E+05
  -0.337508E+05  -0.551951E+05
  -0.281242E+05  -0.733295E+05
   0.124530E+05  -0.127585E+06
   0.213526E+05   0.531903E+04
  -0.192736E+04   0.526041E+05
  -0.241371E+05  -0.859777E+05
  -0.100848E+06   0.667364E+05
   0.510841E+05   0.184556E+06
   0.305126E+05   0.529711E+05
   0.282955E+05   0.343123E+04
  -0.104573E+06   0.839905E+05
  -0.726333E+05  -0.128349E+06
  -0.591736E+04   0.743404E+05
  -0.509815E+05   0.533702E+05
   0.259407E+05  -0.737557E+04
   0.793310E+05   0.490021E+05
   0.119791E+06  -0.334977E+05
   0.142473E+06   0.884936E+04
   0.905335E+04   0.817633E+05
  -0.418638E+05   0.944927E+05
  -0.816740E+05  -0.284932E+05
  -0.854709E+05   0.247472E+05
  -0.774403E+05   0.688915E+05
  -0.847790E+05  -0.111924E+06
   0.230446E+05   0.184706E+05
   0.143623E+05   0.778876E+05
   0.769040E+05   0.365716E+05
  -0.400094E+05   0.135443E+06
  -0.241272E+05   0.509171E+05
   0.137925E+06  -0.409683E+04
  -0.386613E+05   0.381943E+05
  -0.295255E+04  -0.101585E+06
  -0.634123E+05  -0.293688E+05
  -0.326661E+04   0.218623E+05
   0.964562E+05   0.492561E+05
   0.667598E+05   0.922139E+05
   0.865748E+04   0.309385E+05
  -0.555627E+05   0.555264E+05
   0.564660E+04   0.126060E+06
   0.666408E+05   0.136598E+06
   0.145782E+05   0.986864E+05
  -0.815619E+05  -0.189894E+05
   0.216356E+05   0.986253E+05
   0.160966E+05   0.716450E+05
   0.462385E+05   0.716561E+05
   0.700092E+05  -0.814720E+05
  -0.413160E+05  -0.398651E+05
  -0.579602E+04  -0.134670E+05
   0.509903E+05   0.521281E+05
  -0.880704E+05   0.103809E+06
  -0.395308E+05   0.216108E+03
   0.294604E+05   0.109372E+06
  -0.417004E+05  -0.193555E+06
  -0.212934E+05  -0.622439E+05
   0.752443E+05  -0.521431E+04
   0.480016E+05   0.208397E+05
   0.389514E+05   0.576253E+05
   0.476056E+05   0.624965E+03
  -0.523300E+05  -0.264977E+05
  -0.129380E+06  -0.822835E+04
  -0.803706E+05  -0.582783E+03
   0.702634E+03  -0.465353E+05
  -0.845051E+05   0.115423E+06
  -0.126957E+06   0.587651E+05
   0.697931E+05   0.183212E+05
   0.841559E+05  -0.474893E+05
   0.105078E+06   0.119315E+06
   0.402862E+05  -0.328520E+04
  -0.113884E+05  -0.132832E+05
   0.457917E+05   0.124163E+05
  -0.644970E+05   0.127429E+06
  -0.931460E+05  -0.133796E+05
   0.162353E+05  -0.781653E+05
  -0.504260E+04   0.606583E+05
  -0.101878E+05  -0.195572E+05
   0.104922E+06   0.852382E+05
  -0.185206E+05   0.327809E+05
  -0.515597E+05  -0.714600E+04
  -0.647327E+04   0.517898E+05
   0.277500E+05   0.165224E+06
  -0.500826E+05   0.198621E+05
  -0.420523E+05   0.108524E+06
   0.456495E+05   0.332580E+04
   0.218355E+05  -0.642922E+05
  -0.729857E+05   0.188517E+05
   0.213959E+05  -0.719013E+05
  -0.236652E+05   0.938922E+05
  -0.436160E+05  -0.901539E+04
   0.108238E+05   0.100654E+05
  -0.112964E+06  -0.103086E+05
   0.315610E+05   0.224355E+05
  -0.301224E+05  -0.529093E+05
  -0.355366E+05  -0.244718E+05
   0.502467E+05   0.190461E+05
   0.117322E+05   0.661676E+05
  -0.117445E+06  -0.397940E+05
  -0.304560E+05   0.317581E+05
   0.685769E+05  -0.586589E+05
   0.106934E+06   0.160226E+05
  -0.131885E+05  -0.179069E+05
   0.308776E+05  -0.938243E+05
  -0.618600E+05  -0.250832E+05
   0.342546E+04   0.103552E+06
   0.825550E+05   0.196125E+05
   0.366765E+04  -0.849590E+05
   0.124050E+05   0.382610E+05
  -0.708514E+04   0.255901E+05
   0.337577E+05  -0.158987E+05
   0.199960E+05   0.391573E+05
  -0.716420E+04   0.114884E+06
  -0.175874E+05   0.293395E+05
   0.815473E+05   0.130837E+04
   0.399132E+03   0.323002E+05
  -0.102923E+06   0.255088E+05
  -0.651973E+05   0.978304E+05
  -0.752476E+05   0.700564E+05
   0.455890E+05   0.121638E+06
  -0.518759E+05  -0.259819E+05
   0.289127E+05   0.396572E+05
   0.521708E+05  -0.849809E+05
   0.743930E+05   0.515067E+05
  -0.419158E+04   0.440241E+04
  -0.161733E+06  -0.935793E+04
  -0.156036E+06  -0.164315E+05
   0.383800E+05   0.615407E+05
   0.680829E+05   0.588876E+05
   0.349553E+05  -0.119778E+05
  -0.165778E+06  -0.367884E+05
   0.416248E+05   0.268370E+05
   0.840260E+05  -0.439344E+05
   0.895136E+05  -0.640932E+05
  -0.558575E+04   0.364554E+04
  -0.400210E+05  -0.153096E+05
  -0.156759E+04   0.181467E+05
  -0.626036E+05   0.351424E+05
   0.840242E+05  -0.780156E+05
  -0.519878E+05  -0.254768E+05
  -0.368331E+05   0.144846E+05
  -0.863800E+04   0.835284E+05
  -0.135248E+06   0.219820E+05
   0.693124E+04   0.727404E+05
   0.161479E+06   0.238963E+05
  -0.225798E+05   0.584704E+05
   0.789675E+05   0.126313E+05
   0.107150E+06   0.316934E+05
   0.708846E+03   0.115222E+06
   0.678565E+05  -0.102367E+05
   0.678328E+05  -0.741441E+04
   0.707036E+05   0.267637E+05
   0.272815E+05   0.204592E+05
   0.139460E+06   0.345754E+05
  -0.140962E+02  -0.301526E+05
   0.173981E+05  -0.397482E+05
   0.849495E+05  -0.290673E+05
   0.233707E+05   0.109479E+06
   0.617436E+05  -0.888188E+04
   0.199865E+05  -0.883048E+04
   0.246643E+05  -0.589878E+04
   0.731447E+05   0.145528E+06
  -0.703845E+04   0.122013E+05
   0.640801E+05  -0.211608E+05
   0.685053E+04  -0.333116E+05
  -0.179768E+05  -0.621695E+05
  -0.779261E+04   0.726494E+05
   0.994108E+05   0.522995E+05
  -0.788618E+05   0.303754E+05
   0.812561E+04  -0.803989E+05
   0.161492E+05   0.850981E+04
  -0.579453E+05   0.164621E+06
  -0.145271E+06   0.114861E+06
   0.328379E+05   0.824428E+05
   0.277762E+05  -0.536540E+04
   0.371557E+05  -0.408172E+05
  -0.113294E+05  -0.567891E+05
  -0.121673E+05   0.168148E+05
   0.101610E+06   0.106191E+06
   0.219352E+04  -0.245142E+05
  -0.122526E+06   0.447971E+05
  -0.531065E+05   0.109252E+06
  -0.170715E+05   0.128221E+05
  -0.158238E+04   0.190446E+05
   0.156234E+05  -0.407811E+05
  -0.510666E+05   0.243944E+04
  -0.364912E+04  -0.982972E+05
   0.347042E+05  -0.106443E+06
  -0.491555E+05   0.336899E+05
   0.842865E+05   0.970312E+05
   0.474182E+05  -0.129877E+05
  -0.676373E+05   0.123236E+06
   0.152249E+06   0.876933E+05
   0.472026E+05   0.291642E+05
   0.493153E+04   0.501894E+05
   0.100233E+06   0.511895E+05
  -0.100173E+05   0.860603E+05
  -0.520219E+03   0.328361E+05
  -0.247152E+05   0.382767E+05
   0.241348E+05   0.717668E+05
  -0.270262E+05   0.469067E+05
   0.397455E+05   0.642949E+05
   0.363237E+05   0.851601E+05
   0.276964E+05  -0.119093E+06
  -0.392425E+04  -0.623040E+05
   0.173113E+05   0.404762E+05
   0.376675E+05   0.792969E+05
   0.237823E+05  -0.380442E+05
   0.953417E+04   0.468997E+05
   0.307035E+05   0.534144E+04
   0.371763E+05  -0.121525E+05
   0.640667E+04  -0.106334E+06
   0.110567E+05  -0.140911E+06
  -0.952832E+04   0.344152E+05
  -0.682490E+05   0.534824E+05
  -0.978329E+05  -0.908365E+05
   0.626170E+05  -0.602052E+05
   0.488700E+05   0.204758E+05
  -0.796696E+05   0.584966E+05
  -0.969586E+05  -0.404103E+05
  -0.136011E+05  -0.983755E+05
  -0.786596E+05  -0.881641E+05
  -0.320252E+05   0.722408E+04
   0.912660E+05  -0.592198E+05
   0.363215E+05   0.564405E+04
   0.368544E+05   0.394903E+05
   0.128117E+04  -0.293871E+05
   0.342334E+05  -0.433804E+05
   0.638046E+05  -0.143813E+06
  -0.965040E+05   0.696191E+05
  -0.414800E+05   0.298760E+05
   0.193819E+05   0.629234E+05
   0.875728E+04  -0.252973E+05
  -0.114139E+06   0.637309E+04
  -0.142988E+05   0.114524E+06
  -0.496294E+05   0.159654E+06
  -0.740488E+04   0.389405E+05
  -0.298288E+04   0.111271E+06
   0.791986E+05   0.585344E+05
  -0.539988E+04  -0.100667E+06
  -0.388012E+05  -0.109915E+06
   0.124837E+06  -0.289633E+05
   0.364619E+05   0.162251E+05
   0.909379E+05   0.360551E+05
   0.125270E+05   0.111576E+05
   0.185772E+05   0.514570E+05
   0.173112E+05  -0.197306E+04
   0.609558E+05   0.206050E+05
   0.105969E+06  -0.436284E+05
  -0.603940E+05  -0.281752E+05
  -0.208449E+05   0.806929E+05
   0.320156E+04   0.557369E+04
   0.170580E+05   0.689550E+04
  -0.644962E+04  -0.172067E+05
   0.783339E+05   0.632537E+05
  -0.819680E+05   0.103193E+06
  -0.412806E+05  -0.277757E+05
   0.599969E+05  -0.405734E+05
  -0.178029E+05  -0.552336E+05
   0.772919E+05   0.196350E+04
  -0.274507E+05  -0.152409E+05
  -0.389750E+05   0.145410E+05
   0.205720E+05   0.340059E+05
  -0.518271E+05  -0.335220E+05
  -0.142896E+06  -0.479727E+05
  -0.858606E+04  -0.235438E+03
   0.669958E+05  -0.827504E+05
   0.204064E+05  -0.248206E+04
   0.630475E+05   0.259875E+04
   0.264004E+05  -0.943192E+05
   0.746136E+05   0.545375E+04
  -0.522396E+05   0.411769E+04
  -0.160144E+04  -0.134075E+05
   0.483487E+05  -0.247432E+05
  -0.687848E+05   0.497488E+05
   0.380674E+05  -0.617974E+05
   0.700854E+05   0.644378E+05
   0.206946E+05  -0.227385E+05
  -0.106612E+06   0.166951E+05
  -0.898632E+05   0.504470E+05
  -0.376696E+05  -0.230414E+05
   0.546125E+03   0.741138E+05
   0.706753E+05   0.868532E+05
  -0.105846E+05  -0.592641E+05
   0.326971E+05  -0.374509E+05
  -0.422014E+05  -0.490199E+05
   0.498560E+05  -0.242034E+05
   0.728700E+04  -0.319519E+05
   0.118460E+06   0.136398E+05
  -0.769436E+05  -0.216474E+05
   0.518150E+04  -0.233140E+05
   0.830587E+05   0.297705E+05
  -0.510617E+05   0.755883E+05
  -0.257771E+05  -0.139613E+06
   0.850677E+05  -0.982894E+04
   0.151827E+06  -0.709108E+05
  -0.185412E+05  -0.374071E+05
  -0.509788E+05   0.658379E+05
   0.649671E+05   0.408859E+05
   0.553229E+05  -0.106497E+06
   0.716881E+05  -0.201788E+05
   0.883554E+05  -0.506475E+05
   0.900062E+04   0.799066E+05
   0.155119E+05   0.505063E+05
  -0.558588E+04  -0.697718E+05
   0.468057E+05   0.105555E+06
   0.112866E+06   0.465062E+05
   0.775654E+05   0.104840E+05
  -0.891250E+04  -0.839351E+05
  -0.518777E+05   0.275031E+05
   0.181916E+05  -0.203415E+05
   0.106369E+06  -0.250614E+05
   0.418538E+05   0.256176E+05
   0.348529E+05   0.140721E+05
   0.131462E+04  -0.489165E+05
  -0.417523E+05  -0.959957E+05
   0.316519E+04   0.520732E+05
   0.180225E+05  -0.448386E+05
   0.205704E+05   0.258236E+05
   0.734441E+05  -0.191350E+04
   0.612658E+05  -0.452556E+04
   0.661159E+05   0.331636E+05
  -0.841257E+05   0.997808E+05
  -0.270276E+05   0.101907E+06
   0.780780E+05  -0.103273E+06
   0.552627E+05  -0.702582E+05
   0.368702E+05  -0.130656E+06
  -0.119256E+04  -0.106966E+05
   0.201538E+05   0.498182E+05
  -0.475432E+05   0.106350E+06
  -0.574667E+05   0.165212E+05
  -0.384175E+05  -0.777688E+04
   0.271539E+05   0.107936E+06
  -0.101175E+06  -0.111739E+05
   0.418006E+05  -0.242289E+05
   0.145926E+06  -0.667940E+05
   0.896306E+04  -0.515306E+04
   0.605068E+05   0.647299E+05
  -0.106054E+05  -0.597736E+05
  -0.130008E+06  -0.546419E+05
   0.257119E+05   0.736196E+05
  -0.169114E+05  -0.176416E+05
   0.398008E+05   0.311208E+05
   0.282199E+05  -0.182819E+04
   0.816529E+05   0.398588E+05
  -0.819501E+05   0.247321E+05
  -0.102657E+06  -0.507292E+05
   0.160452E+05   0.773009E+05
   0.582131E+04   0.110265E+06
  -0.299160E+05  -0.307921E+05
  -0.546288E+04   0.272057E+05
   0.407621E+05   0.532084E+05
   0.228211E+05  -0.156772E+05
   0.482591E+05  -0.861698E+05
  -0.109731E+05   0.824731E+05
   0.294698E+05  -0.122394E+06
   0.565808E+05  -0.722644E+04
  -0.118659E+05   0.184262E+05
   0.764672E+05  -0.745124E+05
  -0.715522E+05  -0.766632E+05
   0.103319E+06   0.410754E+05
   0.622975E+04  -0.239099E+05
  -0.184683E+06   0.298269E+05
  -0.194080E+05  -0.565028E+05
  -0.651046E+05   0.710086E+05
   0.995719E+04   0.422022E+05
   0.221557E+05  -0.109994E+05
  -0.662787E+05  -0.216848E+05
  -0.110357E+06   0.664005E+05
  -0.164769E+05  -0.551750E+03
   0.104403E+06   0.173716E+05
  -0.425888E+04  -0.486225E+04
  -0.828194E+04   0.108650E+06
   0.156694E+05  -0.865400E+04
   0.333793E+05   0.257382E+05
   0.504728E+05   0.353260E+05
   0.812331E+05  -0.414378E+04
   0.398262E+05   0.644566E+05
   0.274103E+05  -0.514199E+05
  -0.347781E+04  -0.177331E+05
   0.533935E+05   0.907088E+05
   0.753841E+04  -0.859376E+05
  -0.684663E+05   0.503140E+05
   0.628106E+05   0.120097E+05
   0.313066E+04  -0.112076E+06
  -0.146884E+06  -0.353728E+04
  -0.356970E+05  -0.396478E+04
  -0.440284E+05   0.355733E+05
  -0.417117E+05   0.104434E+06
   0.542657E+05   0.320090E+05
   0.123654E+05  -0.610876E+05
  -0.405556E+05  -0.797600E+04
  -0.647048E+05  -0.617430E+05
  -0.393621E+05   0.607129E+05
   0.619238E+04   0.105942E+05
   0.902809E+05   0.312349E+05
  -0.103339E+06  -0.226145E+05
  -0.307890E+05   0.109199E+06
   0.319674E+05  -0.359046E+05
   0.567478E+05  -0.572600E+05
   0.130535E+06   0.761261E+05
   0.526868E+05   0.918925E+05
  -0.111886E+05   0.104640E+05
   0.443680E+05   0.349821E+05
   0.912361E+04   0.526603E+05
   0.436938E+05   0.326400E+04
   0.744150E+05   0.101339E+06
   0.152023E+06   0.925319E+05
   0.419077E+05   0.365062E+05
   0.285127E+04  -0.454333E+05
  -0.408456E+05   0.646374E+05
  -0.714310E+05  -0.274884E+05
   0.283147E+05   0.188995E+05
  -0.504897E+05   0.217956E+05
   0.299271E+05   0.549358E+05
  -0.114324E+05   0.517033E+04
  -0.209103E+05  -0.512248E+05
   0.263224E+05  -0.213102E+05
  -0.545995E+05   0.102972E+05
  -0.709212E+04   0.107145E+06
   0.575414E+05   0.934966E+05
  -0.698154E+05   0.158561E+05
   0.417955E+05   0.155554E+05
  -0.720536E+05   0.103518E+06
  -0.430410E+05  -0.617146E+05
   0.513067E+05   0.235906E+05
  -0.446945E+05   0.272720E+05
  -0.565843E+05   0.207896E+05
   0.197478E+04  -0.394220E+05
   0.918624E+05   0.162767E+05
   0.427509E+05  -0.116765E+05
  -0.255454E+05   0.620966E+05
  -0.114274E+05   0.429834E+05
  -0.411902E+04  -0.122158E+06
  -0.392238E+05  -0.962268E+04
  -0.131502E+06  -0.458625E+05
   0.208467E+05   0.330412E+05
  -0.597309E+05  -0.452369E+05
  -0.101543E+05   0.107128E+05
   0.512964E+04   0.202511E+05
   0.229719E+05   0.919677E+05
  -0.558320E+05   0.816042E+05
  -0.366165E+05   0.154112E+05
   0.261416E+05   0.988656E+05
  -0.238536E+05  -0.495196E+05
   0.609991E+04  -0.319675E+05
   0.937171E+04   0.346144E+05
  -0.514883E+05   0.208823E+05
   0.409677E+05  -0.135520E+06
   0.246062E+05   0.657286E+05
  -0.116120E+06   0.150426E+06
  -0.148832E+05   0.384809E+05
   0.266244E+05   0.577673E+05
  -0.502400E+05   0.354076E+04
   0.723817E+05   0.212463E+05
   0.496720E+05  -0.609391E+05
   0.698660E+05   0.915296E+05
   0.451849E+05  -0.351483E+05
   0.800229E+05  -0.293382E+04
  -0.601847E+04   0.377462E+05
  -0.847222E+05  -0.171947E+05
  -0.202488E+06  -0.201804E+05
   0.698594E+05  -0.299230E+05
  -0.213067E+05  -0.359978E+04
   0.827737E+05  -0.491339E+05
   0.613160E+04  -0.171226E+05
  -0.848212E+04   0.597755E+04
  -0.584814E+04  -0.559417E+04
   0.934276E+05   0.201057E+04
   0.549714E+05  -0.149447E+05
   0.126021E+06   0.250487E+05
   0.875171E+05   0.330633E+05
  -0.132511E+06   0.725910E+05
   0.786490E+04   0.262019E+05
  -0.175341E+05   0.747768E+05
  -0.619773E+05  -0.113837E+05
   0.174419E+05   0.134454E+06
   0.361293E+05  -0.920389E+05
   0.996745E+05  -0.517812E+05
  -0.229947E+05  -0.525271E+05
   0.531899E+05  -0.465153E+05
  -0.335476E+05  -0.208045E+05
   0.157429E+05   0.788470E+05
  -0.282686E+04  -0.608474E+05
  -0.615846E+05   0.182489E+05
  -0.472749E+05   0.206507E+05
   0.122883E+06   0.536854E+05
  -0.105736E+06  -0.108295E+06
  -0.171699E+05   0.549184E+05
   0.101771E+05  -0.311802E+05
   0.124457E+06  -0.598349E+05
   0.640716E+05   0.644635E+05
   0.502241E+05  -0.264207E+05
   0.451482E+05   0.104682E+05
   0.260042E+05  -0.235897E+05
  -0.196171E+05  -0.107549E+06
  -0.320937E+05   0.520341E+05
  -0.624240E+05   0.633691E+05
  -0.912912E+04   0.115548E+06
  -0.233436E+04   0.821656E+05
   0.186428E+05  -0.208984E+03
   0.513794E+05   0.242394E+05
   0.533778E+05   0.873825E+04
   0.459689E+05  -0.103893E+06
  -0.102199E+05   0.511964E+05
   0.683384E+05   0.731557E+05
   0.309624E+05   0.499101E+05
   0.208471E+05   0.709651E+05
  -0.946459E+05  -0.163596E+05
   0.792133E+05  -0.693411E+05
  -0.199561E+05  -0.684424E+05
   0.644158E+05  -0.540170E+05
   0.391498E+05   0.148162E+05
   0.747285E+05  -0.668106E+05
  -0.624474E+05  -0.355719E+05
   0.331290E+05  -0.161880E+05
  -0.947803E+05   0.226119E+05
   0.435374E+05  -0.132258E+06
  -0.110834E+06  -0.544516E+05
   0.172688E+05   0.402594E+05
   0.105317E+06  -0.129900E+06
   0.103540E+05  -0.351945E+05
   0.696895E+05   0.522894E+05
  -0.121155E+06   0.710297E+03
  -0.436965E+05   0.352275E+05
   0.153268E+06   0.338499E+05
  -0.313947E+04   0.442411E+05
  -0.600887E+05   0.344108E+05
   0.317687E+05   0.459262E+05
   0.543029E+05   0.691690E+05
  -0.337932E+05   0.439352E+05
  -0.662239E+05  -0.144958E+05
  -0.436264E+05   0.540123E+05
  -0.745477E+05  -0.310146E+05
   0.369319E+05   0.425721E+05
   0.218437E+05  -0.712255E+05
   0.557101E+05  -0.517800E+05
   0.707918E+05  -0.588941E+05
   0.129829E+05  -0.203040E+05
  -0.183890E+05  -0.112153E+05
  -0.654437E+05   0.318346E+05
   0.400528E+05  -0.788612E+05
   0.421408E+05   0.162207E+04
   0.290313E+05  -0.876867E+05
   0.535623E+05  -0.189282E+05
  -0.657742E+05  -0.618870E+05
  -0.797026E+04  -0.160133E+06
  -0.106220E+05  -0.895992E+05
  -0.528829E+05  -0.123591E+05
   0.666609E+03  -0.339177E+05
  -0.338581E+05   0.332187E+05
  -0.267773E+04   0.456268E+05
   0.311142E+05  -0.387400E+05
  -0.841627E+05   0.204041E+05
  -0.683097E+04   0.910007E+05
   0.215812E+05   0.306768E+05
  -0.358121E+05  -0.825892E+05
  -0.120289E+06  -0.131405E+05
  -0.275355E+05  -0.472411E+05
   0.335106E+04  -0.735241E+05
   0.110530E+06   0.597746E+05
   0.122446E+05   0.114639E+06
  -0.297042E+05   0.116868E+06
  -0.126136E+06  -0.371163E+05
  -0.489909E+05   0.262285E+05
   0.563274E+05  -0.820146E+05
   0.916899E+05   0.704359E+05
   0.974300E+04   0.379840E+05
   0.226324E+05  -0.845188E+05
   0.601184E+05  -0.416315E+05
   0.182682E+05   0.113719E+06
   0.440747E+05  -0.177618E+05
   0.495369E+05   0.608972E+05
   0.391548E+05   0.235445E+05
   0.542024E+05   0.790849E+04
   0.195910E+05  -0.825684E+04
  -0.877744E+05   0.724712E+04
  -0.532335E+05   0.214003E+05
   0.387909E+05   0.111432E+05
   0.826042E+05  -0.167334E+05
  -0.392226E+05  -0.193733E+05
   0.782468E+05  -0.346091E+05
   0.276852E+04   0.405908E+04
  -0.339573E+05  -0.343574E+05
  -0.121413E+05  -0.756717E+05
   0.141352E+06   0.211916E+05
   0.564767E+05   0.279055E+05
   0.845458E+04   0.101375E+05
  -0.117893E+06  -0.855903E+05
   0.508074E+05   0.114145E+05
   0.503016E+05   0.100336E+05
   0.886156E+05  -0.215040E+05
  -0.181704E+05  -0.159733E+05
  -0.589294E+05  -0.420275E+05
   0.560735E+04   0.281651E+05
  -0.981350E+05  -0.207803E+05
   0.111784E+06   0.112225E+06
  -0.872430E+05  -0.493431E+05
  -0.827484E+05   0.112785E+06
   0.807651E+05   0.143529E+06
   0.276978E+05   0.269885E+05
   0.925055E+04  -0.129066E+05
  -0.107966E+06   0.721300E+05
   0.563155E+05   0.269953E+03
  -0.352862E+05   0.595823E+05
   0.605856E+05   0.676921E+05
  -0.614227E+05   0.336425E+05
  -0.306186E+05   0.844211E+03
   0.803742E+05  -0.623733E+05
   0.504293E+05  -0.150574E+04
   0.879014E+05  -0.997845E+05
  -0.141406E+05   0.104445E+06
   0.808239E+05   0.178795E+05
   0.631884E+05   0.104378E+06
   0.166457E+06  -0.236077E+05
   0.475793E+05   0.636887E+05
   0.608083E+05  -0.137272E+06
   0.572133E+05  -0.959328E+03
  -0.150984E+06   0.359574E+05
  -0.199460E+05  -0.712928E+05
   0.605243E+05  -0.225626E+05
  -0.499105E+05   0.685664E+03
   0.400051E+05   0.101973E+05
   0.642796E+05   0.960073E+04
   0.105840E+06   0.311980E+03
   0.443170E+05   0.592788E+05
  -0.569978E+05   0.691053E+05
  -0.157953E+04   0.308785E+05
   0.131580E+06  -0.777206E+04
  -0.668273E+05   0.602691E+05
   0.851571E+05   0.866908E+05
   0.883631E+05  -0.204757E+04
  -0.852825E+05   0.208544E+05
  -0.118965E+06   0.998968E+05
  -0.512229E+05  -0.797440E+05
   0.112240E+05   0.226670E+04
   0.188810E+05   0.713278E+05
  -0.417150E+05  -0.102161E+06
   0.115035E+06   0.183436E+05
   0.280937E+05   0.360187E+05
   0.307580E+05   0.887598E+05
   0.226376E+05   0.398189E+05
   0.972455E+04   0.478533E+05
   0.488694E+05  -0.114697E+06
  -0.158356E+06   0.688863E+05
  -0.453594E+05  -0.637693E+05
  -0.535655E+05   0.379401E+05
   0.157506E+06  -0.297464E+05
   0.105770E+05   0.107644E+04
   0.742569E+05  -0.152288E+05
   0.272374E+05   0.516767E+05
  -0.299465E+05   0.620539E+05
  -0.139587E+05  -0.746955E+05
   0.335645E+05  -0.814389E+05
   0.742274E+05  -0.343311E+05
  -0.585246E+05  -0.101585E+06
   0.924248E+05  -0.697703E+05
   0.188665E+05   0.553255E+05
   0.940214E+05   0.304689E+05
  -0.146713E+06  -0.636177E+05
   0.328345E+05  -0.196483E+05
   0.760183E+05  -0.874228E+05
  -0.736750E+05   0.658813E+05
  -0.379900E+05  -0.670190E+05
  -0.965944E+05  -0.554686E+05
   0.280348E+05   0.867960E+05
  -0.649109E+05  -0.564952E+05
   0.525678E+05   0.123696E+06
  -0.648286E+04   0.857977E+05
   0.636554E+05  -0.153469E+05
  -0.508025E+05  -0.621882E+05
  -0.788878E+05  -0.371970E+05
   0.230976E+05   0.782762E+05
   0.387080E+04   0.105350E+06
   0.149730E+05  -0.385483E+05
  -0.416801E+05  -0.862567E+04
  -0.148529E+05   0.642859E+05
  -0.862281E+05  -0.699980E+05
   0.335003E+05   0.615071E+05
   0.774338E+05  -0.664077E+05
   0.279097E+05  -0.108507E+06
  -0.712361E+05  -0.537186E+05
  -0.205858E+05  -0.494283E+05
   0.139452E+05  -0.283148E+05
  -0.327175E+05  -0.324827E+05
  -0.459845E+05   0.106226E+06
  -0.455214E+05  -0.149054E+05
   0.939274E+05   0.271509E+05
  -0.152829E+05   0.527616E+05
   0.516224E+05   0.459181E+05
   0.101178E+06  -0.704228E+05
   0.103276E+06   0.731600E+05
  -0.274218E+05   0.538179E+05
   0.194891E+05  -0.861271E+05
   0.436909E+05   0.472222E+05
   0.921686E+05   0.528524E+05
   0.106423E+06   0.930662E+05
  -0.122207E+06  -0.916821E+05
   0.151887E+05   0.169221E+05
  -0.365150E+05   0.300604E+05
   0.806674E+05  -0.102865E+06
   0.352845E+05  -0.170916E+06
   0.664062E+04   0.119835E+05
   0.289137E+05  -0.186509E+05
   0.188461E+05  -0.712054E+05
  -0.127589E+04  -0.732389E+05
   0.641797E+05  -0.570756E+05
   0.556298E+04  -0.831884E+05
  -0.179571E+05  -0.585938E+03
  -0.370219E+05  -0.701113E+05
   0.652048E+04   0.389475E+04
  -0.848979E+05  -0.211056E+05
  -0.337497E+05  -0.108394E+06
   0.959393E+04   0.235579E+05
   0.859400E+05  -0.217080E+05
  -0.259299E+05  -0.244244E+05
   0.266772E+04  -0.147363E+06
  -0.480713E+05   0.219360E+02
   0.254930E+05  -0.551811E+05
  -0.431958E+05  -0.573112E+05
   0.453412E+05   0.590539E+05
  -0.209731E+05   0.320576E+05
   0.331387E+05  -0.366800E+05
   0.261925E+05   0.576419E+05
   0.644020E+05   0.157656E+05
   0.812608E+04   0.260860E+05
   0.758465E+04  -0.418037E+05
  -0.743709E+05  -0.499023E+04
   0.375355E+04  -0.929184E+05
  -0.502081E+05  -0.388802E+05
   0.662233E+04  -0.439455E+05
  -0.487990E+05   0.254312E+05
   0.737380E+05  -0.417499E+05
   0.375048E+05   0.266572E+05
  -0.273460E+05  -0.616895E+04
  -0.767808E+05   0.559088E+05
   0.101145E+06  -0.340628E+05
   0.113909E+06   0.120687E+06
  -0.542295E+05   0.887677E+04
   0.581926E+05   0.595412E+05
  -0.296653E+05   0.635059E+05
   0.870094E+05  -0.296355E+05
  -0.133771E+05   0.532366E+05
  -0.149039E+06   0.105072E+05
   0.526944E+05   0.246549E+05
   0.126838E+06  -0.197992E+05
  -0.923824E+05   0.182684E+05
   0.101760E+06  -0.660180E+05
  -0.627284E+05  -0.823782E+05
  -0.212147E+05  -0.242334E+05
   0.109035E+06  -0.340101E+05
  -0.817094E+05   0.661363E+05
  -0.353601E+05   0.308908E+05
  -0.444300E+05   0.103651E+06
   0.305871E+05  -0.688997E+05
   0.305670E+04  -0.312542E+05
  -0.214273E+04  -0.117661E+05
   0.265082E+05  -0.408324E+04
   0.188313E+05   0.434182E+05
  -0.275885E+05  -0.145708E+06
   0.357943E+05   0.548061E+05
  -0.235145E+05   0.707256E+05
   0.928339E+05  -0.798258E+05
  -0.723287E+05  -0.628663E+05
  -0.111013E+05   0.535886E+05
  -0.223146E+05  -0.256980E+05
  -0.776639E+03  -0.308891E+05
  -0.155603E+05  -0.550417E+04
  -0.544274E+05  -0.294235E+05
  -0.700494E+04  -0.786209E+05
  -0.118555E+05   0.414326E+05
   0.128593E+05  -0.394486E+05
   0.120081E+05   0.515093E+05
   0.925814E+05  -0.471588E+05
  -0.278633E+05   0.188984E+05
   0.434549E+05  -0.154585E+05
  -0.622133E+04   0.170401E+04
   0.868512E+05  -0.308932E+05
  -0.480717E+05   0.708604E+05
   0.564444E+05   0.403700E+05
  -0.911675E+05  -0.405984E+05
   0.186727E+05   0.604159E+05
  -0.106126E+06  -0.356126E+05
  -0.161019E+05   0.466543E+05
   0.808893E+05  -0.530113E+05
   0.938378E+05   0.464246E+05
   0.956629E+05   0.719258E+05
  -0.116998E+06   0.281692E+05
   0.764273E+05  -0.337746E+05
   0.380377E+03  -0.173591E+05
   0.909356E+05  -0.103925E+06
   0.302055E+05  -0.881520E+05
   0.452844E+04   0.454271E+05
  -0.365758E+05  -0.743565E+05
   0.669452E+05   0.270680E+04
  -0.992793E+05   0.519871E+05
  -0.486185E+05  -0.467615E+05
  -0.107827E+06   0.199532E+05
   0.507155E+05  -0.679304E+05
  -0.503908E+05  -0.593942E+04
   0.133249E+06   0.784035E+05
  -0.185153E+05   0.702233E+05
   0.884284E+05  -0.289955E+05
   0.323751E+05  -0.557754E+05
   0.918343E+04   0.765691E+05
  -0.354222E+05   0.919034E+05
   0.866106E+05  -0.171518E+06
  -0.532125E+05  -0.184862E+05
  -0.373801E+04   0.891413E+05
   0.411348E+05   0.104325E+06
  -0.163227E+04   0.101458E+06
  -0.705139E+05  -0.477263E+05
   0.100236E+05  -0.633400E+05
  -0.113863E+06   0.297942E+04
  -0.255641E+05  -0.619966E+05
  -0.155190E+05   0.109756E+06
  -0.216541E+06   0.261974E+05
   0.390433E+05   0.863059E+05
  -0.469770E+05   0.751337E+05
  -0.383986E+05  -0.190818E+04
   0.534979E+05  -0.651641E+05
  -0.677627E+05  -0.208837E+05
  -0.384685E+05   0.830963E+05
  -0.396916E+05   0.141931E+05
  -0.505864E+05   0.561088E+05
  -0.276436E+05   0.145564E+05
  -0.145930E+06  -0.391810E+05
  -0.110386E+06   0.410998E+05
  -0.188436E+05  -0.257326E+05
  -0.116854E+05  -0.898047E+05
  -0.890390E+05   0.506343E+05
   0.207298E+05   0.110584E+05
   0.129840E+05   0.802641E+05
  -0.658698E+05   0.400157E+05
   0.131830E+06  -0.141664E+06
  -0.264159E+05  -0.209501E+05
   0.406920E+05   0.499945E+05
   0.195904E+05  -0.566060E+05
  -0.261950E+05  -0.404256E+04
   0.167178E+05  -0.442175E+05
   0.580967E+05  -0.703756E+05
   0.530802E+05  -0.305830E+05
   0.254391E+05   0.156077E+05
  -0.752628E+05   0.433227E+05
   0.696205E+05  -0.584202E+05
  -0.144351E+06   0.252346E+04
   0.960275E+05   0.106604E+05
  -0.224090E+05   0.165620E+05
  -0.223088E+05   0.364825E+05
  -0.976884E+04   0.119462E+05
   0.975445E+05   0.937057E+05
   0.448889E+05   0.983935E+05
   0.817879E+04   0.184126E+05
  -0.610190E+05   0.240205E+05
  -0.310311E+05  -0.633910E+05
   0.323357E+03   0.244253E+05
  -0.250822E+05   0.312336E+05
   0.121835E+05   0.619171E+05
  -0.251069E+05  -0.185829E+05
   0.115540E+06  -0.704678E+05
   0.320365E+05  -0.299526E+03
   0.429675E+05  -0.127673E+05
   0.265301E+04  -0.329695E+05
   0.671456E+05  -0.189037E+04
  -0.349165E+05  -0.297446E+05
  -0.228353E+04  -0.374441E+05
  -0.595340E+05   0.154072E+05
   0.818915E+05   0.465731E+05
   0.202330E+05  -0.127042E+06
  -0.563438E+05   0.552582E+05
  -0.122471E+05   0.232015E+05
   0.217380E+05   0.687503E+05
   0.619206E+05  -0.702880E+05
   0.150109E+05  -0.104960E+06
   0.297478E+05  -0.807713E+05
  -0.490199E+05  -0.119540E+06
   0.883990E+05  -0.269307E+05
   0.184488E+05  -0.425399E+05
  -0.110735E+05   0.185157E+04
   0.652864E+05  -0.209871E+06
   0.100916E+05   0.196893E+05
   0.281764E+05   0.460866E+05
   0.191919E+05  -0.538632E+05
   0.705543E+04   0.704092E+05
   0.299927E+05  -0.547474E+05
  -0.101134E+06  -0.700666E+05
  -0.711699E+05  -0.856589E+05
   0.453410E+05   0.104061E+06
   0.130452E+05   0.131764E+05
   0.534326E+05  -0.115525E+04
  -0.272790E+05  -0.157657E+04
   0.114239E+05   0.536663E+05
   0.453646E+05  -0.350575E+05
   0.543576E+05   0.542889E+05
   0.384680E+05   0.175874E+05
   0.434864E+05  -0.157185E+05
   0.341877E+05  -0.708875E+04
   0.704826E+04   0.247362E+05
  -0.328046E+05   0.100511E+06
  -0.847718E+05   0.286915E+05
   0.114771E+05  -0.415151E+05
  -0.499466E+05  -0.482653E+05
   0.253209E+05  -0.544873E+05
  -0.496460E+05   0.332182E+05
   0.280980E+05  -0.328639E+05
  -0.267626E+05  -0.978875E+05
   0.308299E+05   0.938119E+05
   0.367635E+05   0.574815E+05
   0.127489E+05  -0.158980E+05
   0.110268E+06  -0.982282E+04
  -0.699459E+05  -0.208566E+03
   0.166750E+05  -0.704470E+05
   0.312179E+05   0.109934E+06
   0.817625E+05  -0.801179E+05
   0.908617E+05  -0.565280E+05
   0.778813E+05  -0.293549E+05
  -0.807219E+05   0.350829E+05
   0.352450E+05   0.698400E+05
  -0.352079E+05  -0.523644E+05
  -0.487788E+05   0.401597E+05
  -0.277210E+05   0.100399E+05
   0.648237E+05   0.702784E+05
  -0.418487E+05  -0.698192E+04
   0.785286E+05  -0.632297E+05
  -0.659320E+05   0.745626E+05
   0.120588E+06   0.628695E+05
  -0.601736E+04   0.509044E+05
  -0.220343E+05  -0.973492E+04
   0.591094E+05   0.148681E+05
  -0.263670E+05   0.634438E+05
  -0.949412E+05  -0.141437E+06
   0.437700E+05   0.291452E+05
  -0.491966E+05   0.380488E+05
  -0.630710E+05   0.132980E+05
  -0.429345E+05   0.114746E+06
   0.530156E+04   0.873470E+05
   0.389468E+05   0.310077E+05
   0.110060E+06   0.987496E+04
  -0.161300E+06   0.247482E+05
  -0.131794E+06  -0.612994E+04
   0.363132E+05  -0.680350E+05
   0.295803E+05  -0.164425E+05
  -0.644561E+04  -0.180725E+05
  -0.517940E+05  -0.800378E+05
   0.397741E+05  -0.431246E+05
  -0.260651E+05  -0.786879E+04
  -0.117282E+06  -0.532318E+05
   0.885779E+05  -0.409485E+05
  -0.279070E+05  -0.842647E+05
  -0.242416E+05  -0.150091E+05
  -0.477286E+05  -0.598156E+05
  -0.471772E+05  -0.375003E+05
   0.126413E+04   0.643389E+04
  -0.645786E+05  -0.319397E+05
  -0.426923E+05  -0.173056E+05
  -0.109184E+06  -0.113991E+06
  -0.780521E+05  -0.471146E+05
  -0.789366E+05   0.303772E+05
  -0.994220E+05   0.116462E+06
   0.418963E+05  -0.637697E+05
   0.283311E+05  -0.878167E+04
   0.530407E+05  -0.101373E+06
  -0.397879E+05  -0.461412E+05
   0.991439E+04   0.281928E+05
   0.580539E+04   0.827246E+05
  -0.340224E+05   0.635613E+05
   0.375586E+05   0.111754E+06
  -0.457650E+05   0.445114E+05
   0.863778E+04  -0.374546E+05
   0.331285E+05  -0.276550E+05
  -0.101501E+06   0.651947E+05
  -0.406325E+05  -0.116528E+04
  -0.575925E+05   0.704307E+05
   0.542580E+05   0.906171E+05
   0.141419E+04  -0.105218E+05
  -0.309614E+05   0.945088E+05
  -0.120982E+06   0.256968E+05
   0.753660E+05  -0.117910E+05
  -0.737741E+05   0.177560E+05
  -0.187090E+05   0.193455E+04
   0.778632E+05   0.665184E+05
  -0.145220E+05   0.104228E+06
  -0.381084E+05  -0.149358E+06
   0.273407E+05   0.447305E+05
   0.242428E+05   0.671701E+05
  -0.331699E+05   0.230321E+05
   0.698337E+05   0.438212E+04
  -0.840330E+04  -0.119557E+05
   0.122906E+06  -0.263478E+05
   0.101106E+06   0.823163E+05
  -0.424774E+05   0.630297E+05
   0.117208E+05   0.969241E+05
   0.692327E+05   0.115268E+06
  -0.860346E+05  -0.421016E+05
  -0.103796E+06   0.549418E+05
   0.460733E+05   0.593223E+05
   0.411186E+04   0.330095E+05
  -0.325222E+05   0.901539E+05
  -0.749003E+05  -0.234725E+05
  -0.741083E+04  -0.196252E+05
   0.599956E+05   0.152907E+06
  -0.415800E+04  -0.912096E+04
   0.118858E+06   0.125048E+06
  -0.121544E+05  -0.651088E+05
   0.102761E+05   0.496530E+05
   0.276709E+05  -0.256649E+05
  -0.412171E+04  -0.459419E+05
   0.122956E+05   0.666091E+05
   0.371239E+05  -0.790508E+04
  -0.124849E+06   0.916546E+05
   0.505592E+05  -0.913340E+05
   0.163725E+06   0.147406E+05
   0.850377E+05  -0.239159E+05
  -0.424525E+05  -0.394728E+05
  -0.115978E+05   0.371796E+05
  -0.448526E+05   0.448930E+05
  -0.329054E+05   0.416786E+05
  -0.984919E+05   0.118396E+05
   0.511245E+04   0.352230E+05
   0.765023E+05  -0.354987E+05
  -0.168146E+06  -0.249631E+05
  -0.297815E+05  -0.765133E+05
   0.163361E+05  -0.254529E+04
  -0.109947E+05  -0.417433E+05
  -0.153261E+04   0.403107E+04
   0.102999E+06  -0.104132E+06
  -0.103412E+06  -0.407903E+05
  -0.250371E+05  -0.619847E+05
   0.678651E+04  -0.938581E+05
   0.129753E+04  -0.263747E+05
  -0.229511E+05  -0.974259E+05
  -0.439117E+05  -0.264203E+05
  -0.750132E+03  -0.100879E+06
  -0.833311E+05  -0.263515E+05
  -0.423398E+05   0.159721E+06
  -0.128735E+06   0.390515E+05
   0.149908E+06   0.655529E+04
   0.572442E+05   0.193580E+05
   0.836075E+05  -0.592135E+05
   0.148695E+06   0.539003E+04
  -0.279732E+05  -0.293429E+05
  -0.282611E+04  -0.224098E+05
  -0.137736E+06   0.154056E+06
  -0.794760E+05   0.608971E+05
   0.730286E+05   0.482140E+05
   0.678484E+05   0.290726E+04
  -0.249090E+05  -0.514288E+05
   0.280213E+05   0.259606E+05
   0.100955E+05   0.293174E+05
   0.770714E+04  -0.190606E+04
   0.368581E+05  -0.601557E+05
  -0.139072E+06   0.289446E+05
  -0.569064E+05  -0.597122E+05
  -0.571469E+05  -0.363704E+05
   0.484698E+05  -0.391476E+05
   0.857632E+05   0.345691E+05
   0.431467E+05   0.517121E+05
   0.829117E+05   0.245057E+05
  -0.207116E+05   0.471812E+05
  -0.396836E+05  -0.728003E+05
   0.248302E+05  -0.837601E+05
   0.473271E+05  -0.443063E+05
   0.270454E+05   0.943836E+05
   0.375908E+05  -0.390962E+05
   0.539479E+05   0.103758E+06
  -0.361036E+04   0.194605E+04
  -0.584384E+05  -0.110983E+06
   0.653364E+05   0.773389E+05
   0.100499E+05   0.304231E+05
   0.117389E+06  -0.376539E+05
  -0.614569E+05  -0.118772E+06
   0.610211E+05  -0.809151E+05
   0.243463E+05   0.641914E+05
   0.521664E+05  -0.259794E+04
  -0.484633E+05  -0.129728E+06
   0.942966E+05  -0.761064E+05
   0.252716E+05  -0.460875E+04
   0.552674E+05   0.767019E+04
   0.910004E+05   0.642546E+05
  -0.389212E+05   0.239725E+05
  -0.552896E+05  -0.645061E+05
   0.252836E+05   0.104789E+06
  -0.545679E+04  -0.563189E+05
   0.839724E+05   0.524136E+05
   0.479305E+05   0.612433E+05
   0.125996E+05  -0.844140E+05
  -0.942224E+05  -0.174221E+05
   0.106438E+06   0.133298E+05
   0.328152E+05   0.782065E+04
  -0.261900E+05  -0.651584E+05
  -0.243562E+05  -0.483216E+05
   0.663530E+05  -0.445355E+04
   0.192902E+05  -0.397283E+05
  -0.125462E+06   0.473535E+05
   0.841769E+05  -0.105062E+06
   0.502455E+05   0.252949E+05
  -0.372007E+04  -0.491860E+05
   0.375316E+05  -0.297875E+05
   0.562741E+05  -0.113734E+05
  -0.506390E+05  -0.207361E+05
   0.118220E+06  -0.169866E+05
  -0.137326E+05   0.239594E+05
  -0.406924E+05   0.500999E+05
  -0.694320E+05  -0.739106E+05
   0.219335E+05  -0.185532E+06
   0.338064E+05  -0.553930E+05
   0.562050E+05   0.247172E+05
   0.273332E+05   0.706028E+05
   0.487051E+05   0.830256E+04
  -0.549658E+05  -0.485736E+05
  -0.894501E+05  -0.647654E+05
   0.958686E+05  -0.966863E+05
  -0.244365E+05   0.431633E+05
  -0.240350E+04  -0.583517E+04
   0.909694E+04   0.144341E+05
   0.795091E+05   0.396490E+05
   0.443067E+05  -0.144513E+05
   0.513578E+05   0.796791E+05
  -0.334353E+04   0.838654E+05
  -0.927353E+04  -0.376520E+04
   0.132563E+05  -0.189612E+05
  -0.715577E+05  -0.700241E+05
   0.435712E+03  -0.327725E+05
  -0.265844E+05   0.155440E+05
   0.585391E+05   0.326585E+05
   0.139557E+06   0.995382E+04
   0.117331E+05  -0.200762E+06
  -0.111148E+05  -0.450454E+05
   0.635586E+05   0.354070E+05
  -0.119091E+06   0.855899E+05
  -0.369143E+05  -0.988840E+04
   0.482514E+04  -0.751984E+05
  -0.860932E+05   0.470746E+05
   0.175707E+05  -0.187987E+05
  -0.485411E+05  -0.345724E+05
   0.578312E+05   0.995096E+04
   0.509638E+05   0.305940E+05
  -0.127725E+06   0.360418E+05
   0.550164E+05  -0.116558E+06
  -0.824510E+04  -0.158233E+06
  -0.486167E+05  -0.201152E+05
   0.197444E+05  -0.525659E+05
  -0.936245E+05  -0.402558E+05
   0.455277E+04  -0.815222E+04
  -0.807093E+05   0.565694E+04
  -0.386994E+05   0.279759E+05
  -0.475555E+05  -0.432006E+05
  -0.625475E+05   0.212646E+04
  -0.304003E+05   0.108806E+06
  -0.131840E+05   0.409083E+05
   0.335611E+04  -0.885053E+05
   0.490991E+04   0.356287E+05
  -0.207217E+05  -0.363285E+05
   0.107096E+06  -0.103326E+05
   0.476636E+05   0.717199E+05
   0.825449E+05  -0.421059E+05
   0.730762E+05  -0.424341E+05
  -0.112181E+06  -0.487055E+04
   0.109167E+06  -0.964433E+04
   0.334923E+05   0.406543E+04
  -0.729388E+05  -0.652989E+05
  -0.136642E+05  -0.902697E+04
  -0.228450E+05  -0.194477E+05
   0.290775E+05   0.307568E+05
   0.669434E+05   0.475184E+05
  -0.282694E+04   0.867127E+05
   0.849894E+05  -0.808912E+05
  -0.278884E+05  -0.793513E+05
   0.904428E+05  -0.221315E+05
  -0.512720E+05  -0.297841E+05
  -0.449166E+05   0.127629E+06
   0.452302E+05  -0.328898E+04
  -0.283545E+05  -0.150613E+05
   0.719773E+05   0.373866E+05
   0.190399E+05   0.105623E+06
  -0.956601E+05  -0.726618E+04
   0.172872E+06  -0.589077E+05
  -0.615797E+05  -0.666736E+04
   0.318786E+05   0.280461E+05
  -0.334457E+05   0.257530E+05
  -0.788734E+05   0.474843E+05
   0.664639E+05   0.332871E+05
   0.351807E+05   0.885169E+05
   0.859796E+04   0.333235E+05
  -0.526964E+04   0.434972E+05
   0.211396E+04   0.263878E+05
  -0.166360E+05  -0.274078E+03
   0.104936E+06   0.486052E+05
   0.330809E+05  -0.921782E+05
   0.152119E+06   0.169092E+05
   0.110248E+06   0.160796E+05
   0.558895E+05  -0.414670E+05
  -0.555730E+05   0.152528E+05
   0.440828E+05  -0.343627E+05
   0.454654E+05   0.312268E+05
   0.372476E+05   0.306893E+05
   0.448580E+03   0.309494E+05
  -0.365817E+05  -0.937566E+05
  -0.823021E+03  -0.895605E+05
   0.494150E+05  -0.224305E+05
   0.247447E+05   0.273351E+05
   0.270933E+05   0.846152E+05
  -0.716627E+05  -0.224715E+05
  -0.706846E+05   0.191510E+05
